111111111111111111111
100000000000000000001
101010101010101010101
101010101010101010101
101010101010101010101
101010101010101010101
101010101010101010101
101010101010101010101
101010101010101010101
101010101010101010101
101010101010101010101
101010101010101010101
101010101010101010101
101010101010101010101
101010101010101010101
101010101010101010101
101010101010101010101
101010101010101010101
101010101010101010101
100000000000000000001
111111111111111111111

111111111111111111111
100000000000000000001
100000000000000000001
100000000000000000001
100000000000000000001
100000000000000000001
100000000000000000001
100000000000000000001
100000000000000000001
100000000000000000001
100000000000000000001
100000000000000000001
100000000000000000001
100000000000000000001
100000000000000000001
100000000000000000001
100000000000000000001
100000000000000000001
100000000000000000001
100000000000000000001
111111111111111111111

111111111111111111111
100000000000000000001
101101110111011101101
101000000000000000101
100011011101110110001
101010000000000010101
101000110111011000101
101010100000001010101
100010001101100010001
101010101000101010101
101000100010001000101
101010101000101010101
100010001101100010001
101010100000001010101
101000110111011000101
101010000000000010101
100011011101110110001
101000000000000000101
101101110111011101101
100000000000000000001
111111111111111111111